$ANSIBLE_VAULT;1.1;AES256
37343439633139346433666439393530366230636531613635333263353762323339306361356334
6264383535393737643232393961336630623136636266620a303430646161316363346138623635
62336137653563633838633762643435616565366334336165303039336265336364663436396232
6565656132373135650a373466366165343739393566373437626336333434383233633566613862
35636166356565396533633465336265366332623134356636386330613934343239326239343263
63626530336162313866303865623934336632373035376536643135303334376239393136363630
39663737303332663262643739616664333663303131386532396634653266386531616636333638
37616437373763313233333838663333363536353766346431613735643333623466633934613064
37633335323336626231353634646465373933303362633462623635316466343865623631316165
36313134353164646530316562396331333333353838366432343838633931366161323430666631
33396663323566396539653534386237373830613138393465363136323932366239336162306136
33383431643032326337363236656331383038333234313330663562363065373133666331653233
39633762346464613534353932633462643664343137646337353733646266343336396563303862
38626566313331326638653365613632333038343438663262343163333532393062383538386532
37323266626338383530323034356162363336653935343932306564643237306362316433336565
32356632636163316531653962333532373061316233633735663339336231663437336266636365
35313564653162633230393230613366323435376633313765356366666237656362616130313937
66396463316331353961663637373836316662636633663336346264353333306532353866636234
31376330346664313366346366613464316666623338343838313337383461656538313834333864
37613862323134653733386334326333303534626133313932623966383138346233396235353932
31656639626362363862396336363063353663613030653262393561306637303733316664393538
33633662636330313664646335353966633334646133313438313561343136343130623730333763
30373665333665316432393565336332383662613466363965336461653865323235613236626132
62373730386132333266303335623763353165633763613837383539343433393237353462386337
61376330316365613961653739626266313263653866376536383839306265386239396332393765
31333766343465376466636138626461666665306339626338646466363266366235356663353732
63386430626462376166373630336330626366383266376236653663633534643832373861333466
35323964353937663535633061616663633461383961386535396539633364346239396663613030
63626161333064366235613639363739323431386534653131336630393036373662343136383337
32396636633562333831626232386666646132363861626337663837353563303731613139623331
63376230633963636665666561353938626238633662643261353137363832666536623265663233
32336132653566316238376237306162633338363530353764336462306330393734363966353137
35353034393538646463623138303662633732383964616661333135613666623137623962323333
37613039306464623363313461333262353365343966663933623730396534373964353339353932
31333230636238376563376361326361646132376465653237666639383937323963353364653564
63656164333039363035303661373738383632353737663464623130316464656464303139663538
30386266393166643638393866616138336262636337326430616461653834373435353439646661
63303766343764316533393965613661363962383730373337323563626630633131666130326536
65393437343161626630626461656534393166383335656165336462626239346635343138346634
36366264386564613538323461393432613630343831306533633563383330373636623065616532
38316233636533613434363733663533643165393363373035663531353235346666336263623230
30376664313164656633323133373163306362313264373534613738383262306333333065373534
62626439386432636237323231653634353538383562643866623764653131613535323132356638
63383965613234333132616466663837396366336162376361633738363836656535643730323064
31346332343161346233663564326330386563343165396161363937386561393038343261366565
63386238666535623438313932613962383330666133376563643438376136303139653863313237
64396435633939653463346136313538323439626535373863303930366261633732363732626234
61666530363232346230633366333362316565336530623465633933643639326361653232663034
63356534316431346536363064333133363131306364636161306537313365386266303464663134
30346638323963313461373138306137633966393161383865333233396237663863633035386338
37666361373062663639353034333136376365623630376466626233356662613237656463613439
32623764396631663935653336323431376637303433356261396430353230303565623239313031
35316664626530643161303532316461393361373865656632633065656532616438303561633934
32353965356634336565306133396163653738346634623736333961653938643364383366363064
65353239623739366264383430656630656638613838363164613732656563616630363533343062
61313961636637613530373137663835663438353165633535616537373830623639373261393734
35393363633862616438636330383732336138316365333237393737626261346165333733663634
64333366373338343934366430366235353830356338373461346635343138666661633536376463
35646563663865616363316436316135633536393066306133633734383634373565396534386533
64393830656163353938326534663532323865323833376664363634626162646333366339393836
34326361363736623633323236323964643262336137666136313530373432353664623264643738
64333631373632623466313539656230386661303831343236663962643165393230326564343163
30353231633062643862646133323831373737643039636634353033316563393934323137623531
32656461316664303562343266613066613830363737303731316661653861653230396438623031
30303730336633643564333864393563626330633134366465356133346132313535323861376165
64313439303139373162636262663030633531643237643234663234646534643835346139393765
61376265323663303732326233356333303836336138316665366261393966653365316235316663
37336265653333633938366261643831613662656635366335656163313666663233626636633533
39323166326366333338393263303961663236383163346232383931326535316464663031356639
39643361313963306638633136663536356630316462353766383063363565363834376239666637
62383738353764613136643663393432333764333665613864373037663030376338346162653838
34643730326466663137333733646161626636353835356132616138303866313065333132613764
34316339303436623237323361666535626632396334613934323030643461643734636563666235
64633038326663333031626233383834393366663361303166326430613565353533346466613436
31363965663161313930303436353034366266663038623738333861326339313866616136653363
31346337666664633461346263633232303936373638323738643661643961376635666630383332
62373336316163633365303038383962303136613030353631373964666464323263643165313566
35663364373339666237363665656130636536663465346336323932613731363430663536663337
61356666346631333863313861356233643432633235396563313730373630646636316361333763
66363966656561656136353333316131393662613166653837396464383435346261636230366437
32313362373365623231633137613930613839613334643366396131616135646434326231313832
33663035313165613733626436353662386663356238393030363962373636656638613138663261
34393032393332313034336433613339353330643832656239366562656438366332303764373133
32363061303236306130366166386631326462326134626438366234346163363761616336636532
33656132313562393432326636386562646334616166613364643339396262363238613938353139
34643966326263353336653966323334653761323139653035636163613634366637376231303433
30626461646666323466656131343936613332656136663839623238623234613665616666626135
66333536373537353132636665656539333137666635366264643061653565336636393533393362
37383837633636343965636334336630393535356361353532333436343438313738623238613638
35633866383139303438623763383665356434393932626262313962626236373535363638363238
34363666373430363934616264393561313565303365646435356331303636373461616435333433
39373633383937363333633965663466353739393633636438663939346431393630303763383731
36396565616439303166336233383062303334663236616563393932626330343766613165396563
63393032656637323938323166363363613964383861393931333062633461306433333133373530
39326533623066646465373533653738356363353364383261336562633864633163643037323766
32323762633833623666306639306638323734323861303365323237653031316664353161366339
38333033643630633836623230343466663431623763353434623835373764343534333163616531
66303461323538333032303735316431383561306632306630663433623566376337656132623930
37643563373531643937393630623235626235393262356435343065353532333461646634303565
32643238323861653338633663333039653335386235613237353863353234633731666135383238
62346438303362616131313262383030396166666666356461636566323732653035663239386263
38663761383164613233656665383036366133656365613665316636373439303662333436383434
64646237323661653233373436353238643137386230316362663564343061303565306665323831
36323563356130313861643935373733363534303134313463313836353465353762383838356338
34663166636532366430366237666236343262306132303661326131323361646439656261623339
61363639666536626563323134346134653532616663363034336138376438303230326630333931
65303564353831303035326538626661633961396339636539333030333566613230623230313937
63613634653061313262643564333433663332343235643961616437633433656231653966326161
36613766666638666336306265376666333364383166646536633133373665316264333064613136
35613666616461613766373734613662623065626532623563623335613239643838343962323339
39363034643936343133343030663633333566333436633834656464643862646364666663356238
64373336356435633765373234356539663532376337396263346230323261356131393237333030
30363563646635623232386136376230303365633432386636376439656230353566623266323762
33353362666136336661343463386562306466623064633635333938356430643830333136653861
36656466353631363466396330303332346136333863386561656337393736663566653766336437
34343136316362316133623133303535653934323464393333336334343238303637666131363735
34356636616137363961633131366330333537643235373166373862643231636530333336633635
35303530396335623237393362383663393239623230623132376435366538373661353261303737
62303638636237343664366663616632326434366439653737383132653638633134636265316564
64653538623838303063373038313862336535656337393732346631323039653962633164373532
39623137386637343334663236626330373866353364303465326534626232653961616535326563
63376166643833316539386365303432396634363563373237653038353636306637386363316365
62653033366662393765323030346232343066656232613261313339303539336336383631656434
36356565346231323134386132666639353339343235306238373032626137363261633137656561
35303665393762323533346134636165613837376336363763633634366336633134366232373038
30303434623964396462373036646266376165653765643530316338323337333461623462633135
35346661306232396632386630343738353366626438666231323532366235356330326634353034
65393161323034623966343230376263396162663264393235343839306365373566336566636136
62396132333533653665396338323638613539623630643335323531663962613336623638323561
63346263353732386330353435613338663637653664633265383636336633663433303338623630
62306131343265366632313062653261343537323131376162333164613834373264646230383738
61616361323733666431636433383831653263613431666564663761386263626633333334346236
39343064386638343234396235383663643736616537376138313132643333386461303036303165
31303235376662623330363731336664636364323864333437623037373431643236396562353332
63626532376663376139373432663466646464636431333536303238323136656530386362623964
38623866343265323934663737336334633565383765656135363761626335653734613365343934
6435
